0.0000000000 0.5000000000
0.0050505051 0.4949494949
0.0101010101 0.4898989899
0.0151515152 0.4848484848
0.0202020202 0.4797979798
0.0252525253 0.4747474747
0.0303030303 0.4696969697
0.0353535354 0.4646464646
0.0404040404 0.4595959596
0.0454545455 0.4545454545
0.0505050505 0.4494949495
0.0555555556 0.4444444444
0.0606060606 0.4393939394
0.0656565657 0.4343434343
0.0707070707 0.4292929293
0.0757575758 0.4242424242
0.0808080808 0.4191919192
0.0858585859 0.4141414141
0.0909090909 0.4090909091
0.0959595960 0.4040404040
0.1010101010 0.3989898990
0.1060606061 0.3939393939
0.1111111111 0.3888888889
0.1161616162 0.3838383838
0.1212121212 0.3787878788
0.1262626263 0.3737373737
0.1313131313 0.3686868687
0.1363636364 0.3636363636
0.1414141414 0.3585858586
0.1464646465 0.3535353535
0.1515151515 0.3484848485
0.1565656566 0.3434343434
0.1616161616 0.3383838384
0.1666666667 0.3333333333
0.1717171717 0.3282828283
0.1767676768 0.3232323232
0.1818181818 0.3181818182
0.1868686869 0.3131313131
0.1919191919 0.3080808081
0.1969696970 0.3030303030
0.2020202020 0.2979797980
0.2070707071 0.2929292929
0.2121212121 0.2878787879
0.2171717172 0.2828282828
0.2222222222 0.2777777778
0.2272727273 0.2727272727
0.2323232323 0.2676767677
0.2373737374 0.2626262626
0.2424242424 0.2575757576
0.2474747475 0.2525252525
0.2525252525 0.2474747475
0.2575757576 0.2424242424
0.2626262626 0.2373737374
0.2676767677 0.2323232323
0.2727272727 0.2272727273
0.2777777778 0.2222222222
0.2828282828 0.2171717172
0.2878787879 0.2121212121
0.2929292929 0.2070707071
0.2979797980 0.2020202020
0.3030303030 0.1969696970
0.3080808081 0.1919191919
0.3131313131 0.1868686869
0.3181818182 0.1818181818
0.3232323232 0.1767676768
0.3282828283 0.1717171717
0.3333333333 0.1666666667
0.3383838384 0.1616161616
0.3434343434 0.1565656566
0.3484848485 0.1515151515
0.3535353535 0.1464646465
0.3585858586 0.1414141414
0.3636363636 0.1363636364
0.3686868687 0.1313131313
0.3737373737 0.1262626263
0.3787878788 0.1212121212
0.3838383838 0.1161616162
0.3888888889 0.1111111111
0.3939393939 0.1060606061
0.3989898990 0.1010101010
0.4040404040 0.0959595960
0.4090909091 0.0909090909
0.4141414141 0.0858585859
0.4191919192 0.0808080808
0.4242424242 0.0757575758
0.4292929293 0.0707070707
0.4343434343 0.0656565657
0.4393939394 0.0606060606
0.4444444444 0.0555555556
0.4494949495 0.0505050505
0.4545454545 0.0454545455
0.4595959596 0.0404040404
0.4646464646 0.0353535354
0.4696969697 0.0303030303
0.4747474747 0.0252525253
0.4797979798 0.0202020202
0.4848484848 0.0151515152
0.4898989899 0.0101010101
0.4949494949 0.0050505051
0.5000000000 0.0000000000