0.0000000000 1.0000000000
0.0804803540 0.9967561952
0.1202640092 0.9927419444
0.1530109811 0.9882244885
0.1820882804 0.9832821864
0.2089151285 0.9779337754
0.2328046226 0.9725235255
0.2559930420 0.9666786242
0.2772163346 0.9608075269
0.2973290151 0.9547750818
0.3163590882 0.9486395139
0.3348420042 0.9422742871
0.3520937414 0.9359647415
0.3690140535 0.9294238152
0.3849374737 0.9229426533
0.3999985109 0.9165157889
0.4147518741 0.9099345487
0.4288217099 0.9033891416
0.4427711405 0.8966346620
0.4556678166 0.8901498980
0.4681818170 0.8836321555
0.4803818988 0.8770594229
0.4924995563 0.8703126950
0.5040286111 0.8636869567
0.5151965023 0.8570720880
0.5256238428 0.8507170951
0.5357997035 0.8443451177
0.5454669527 0.8381323305
0.5553678178 0.8316048262
0.5647188123 0.8252833834
0.5734903347 0.8192123266
0.5822023626 0.8130439158
0.5903981046 0.8071121843
0.5987516374 0.8009347518
0.6067261510 0.7949109244
0.6144668119 0.7889426704
0.6220880237 0.7829473104
0.6293793125 0.7770982441
0.6364272348 0.7713367454
0.6434344089 0.7655012485
0.6502492577 0.7597209375
0.6569125662 0.7539667634
0.6632922564 0.7483604630
0.6695642852 0.7427541100
0.6756513448 0.7372213102
0.6816934592 0.7316379075
0.6875520421 0.7261351041
0.6932698423 0.7206781013
0.6988311822 0.7152866410
0.7043615721 0.7098413737
0.7098413737 0.7043615721
0.7152866410 0.6988311822
0.7206781013 0.6932698423
0.7261351041 0.6875520421
0.7316379075 0.6816934592
0.7372213102 0.6756513448
0.7427541100 0.6695642852
0.7483604630 0.6632922564
0.7539667634 0.6569125662
0.7597209375 0.6502492577
0.7655012485 0.6434344089
0.7713367454 0.6364272348
0.7770982441 0.6293793125
0.7829473104 0.6220880237
0.7889426704 0.6144668119
0.7949109244 0.6067261510
0.8009347518 0.5987516374
0.8071121843 0.5903981046
0.8130439158 0.5822023626
0.8192123266 0.5734903347
0.8252833834 0.5647188123
0.8316048262 0.5553678178
0.8381323305 0.5454669527
0.8443451177 0.5357997035
0.8507170951 0.5256238428
0.8570720880 0.5151965023
0.8636869567 0.5040286111
0.8703126950 0.4924995563
0.8770594229 0.4803818988
0.8836321555 0.4681818170
0.8901498980 0.4556678166
0.8966346620 0.4427711405
0.9033891416 0.4288217099
0.9099345487 0.4147518741
0.9165157889 0.3999985109
0.9229426533 0.3849374737
0.9294238152 0.3690140535
0.9359647415 0.3520937414
0.9422742871 0.3348420042
0.9486395139 0.3163590882
0.9547750818 0.2973290151
0.9608075269 0.2772163346
0.9666786242 0.2559930420
0.9725235255 0.2328046226
0.9779337754 0.2089151285
0.9832821864 0.1820882804
0.9882244885 0.1530109811
0.9927419444 0.1202640092
0.9967561952 0.0804803540
1.0000000000 0.0000000000