0.5 0.3333333333333333 
0.8737864077669903 0.07692307692307693 
0.5 0.3333333333333333 
0.8737864077669903 0.07692307692307693 
0.5023923444976076 0.25 
0.5637896712196919 0.2 
0.6515668631709588 0.1111111111111111 
0.7310280807611976 0.1 
0.7310280807611976 0.1 
0.8050089445438282 0.09090909090909091 
0.5764479824320615 0.14285714285714285 
0.5637896712196919 0.2 
0.5023923444976076 0.25 
0.8108108108108107 0.08333333333333333 
0.6235565819861432 0.125 
0.5677210056772101 0.16666666666666666 
0.6235565819861432 0.125 
0.6515668631709588 0.1111111111111111 
0.5677210056772101 0.16666666666666666 
0.5764479824320615 0.14285714285714285 
0.8050089445438282 0.09090909090909091 
0.8108108108108107 0.08333333333333333 
0.5 0.3333333333333333 
0.8737864077669903 0.07692307692307693 
0.7310280807611976 0.1 
0.5637896712196919 0.2 
0.5023923444976076 0.25 
0.6235565819861432 0.125 
0.6515668631709588 0.1111111111111111 
0.5677210056772101 0.16666666666666666 
0.5764479824320615 0.14285714285714285 
0.8050089445438282 0.09090909090909091 
0.8108108108108107 0.08333333333333333 
0.8737864077669903 0.07692307692307693 
0.5 0.3333333333333333 
0.7310280807611976 0.1 
0.5637896712196919 0.2 
0.5023923444976076 0.25 
0.6235565819861432 0.125 
0.6515668631709588 0.1111111111111111 
0.5677210056772101 0.16666666666666666 
0.5764479824320615 0.14285714285714285 
0.8050089445438282 0.09090909090909091 
0.8108108108108107 0.08333333333333333 
0.8737864077669903 0.07692307692307693 
0.5 0.3333333333333333 
0.7310280807611976 0.1 
0.5637896712196919 0.2 
0.5023923444976076 0.25 
0.6235565819861432 0.125 
0.6515668631709588 0.1111111111111111 
0.5677210056772101 0.16666666666666666 
0.5764479824320615 0.14285714285714285 
0.8050089445438282 0.09090909090909091 
0.8108108108108107 0.08333333333333333 
0.5 0.3333333333333333 
0.7310280807611976 0.1 
0.5637896712196919 0.2 
0.5023923444976076 0.25 
0.6235565819861432 0.125 
0.6515668631709588 0.1111111111111111 
0.5677210056772101 0.16666666666666666 
0.5764479824320615 0.14285714285714285 
0.8050089445438282 0.09090909090909091 
0.8108108108108107 0.08333333333333333 
0.8108108108108107 0.08333333333333333 
0.5 0.3333333333333333 
0.7310280807611976 0.1 
0.5637896712196919 0.2 
0.5023923444976076 0.25 
0.6235565819861432 0.125 
0.6515668631709588 0.1111111111111111 
0.5677210056772101 0.16666666666666666 
0.5764479824320615 0.14285714285714285 
0.8050089445438282 0.09090909090909091 
0.8108108108108107 0.08333333333333333 
0.5 0.3333333333333333 
0.7310280807611976 0.1 
0.5637896712196919 0.2 
0.5023923444976076 0.25 
0.6235565819861432 0.125 
0.6515668631709588 0.1111111111111111 
0.5677210056772101 0.16666666666666666 
0.5764479824320615 0.14285714285714285 
0.8050089445438282 0.09090909090909091 
0.8108108108108107 0.08333333333333333 
0.5 0.3333333333333333 
0.7310280807611976 0.1 
0.5637896712196919 0.2 
0.5023923444976076 0.25 
0.6235565819861432 0.125 
0.6515668631709588 0.1111111111111111 
0.5677210056772101 0.16666666666666666 
0.5764479824320615 0.14285714285714285 
0.8050089445438282 0.09090909090909091 
0.8108108108108107 0.08333333333333333 
0.5 0.3333333333333333 
0.7310280807611976 0.1 
0.5637896712196919 0.2 
0.5023923444976076 0.25 
