1.195833101042521 0.25 
1.155427606969075 0.3333333333333333 
1.155427606969075 0.3333333333333333 
1.195833101042521 0.25 
1.155427606969075 0.3333333333333333 
1.195833101042521 0.25 
1.155427606969075 0.3333333333333333 
1.195833101042521 0.25 
1.155427606969075 0.3333333333333333 
1.195833101042521 0.25 
1.155427606969075 0.3333333333333333 
1.195833101042521 0.25 
1.195833101042521 0.25 
1.195833101042521 0.25 
1.195833101042521 0.25 
1.195833101042521 0.25 
1.195833101042521 0.25 
1.195833101042521 0.25 
1.195833101042521 0.25 
1.195833101042521 0.25 
1.195833101042521 0.25 
1.195833101042521 0.25 
1.195833101042521 0.25 
1.195833101042521 0.25 
1.195833101042521 0.25 
1.195833101042521 0.25 
1.195833101042521 0.25 
1.195833101042521 0.25 
1.195833101042521 0.25 
1.195833101042521 0.25 
