011111111111111111111111111101000000100110011110111011011101110110110001101100010001111111110010100000011 
000101000000000000101000001010111000001001111111011010111010100000111101111101010000111111110010100000011 
011111111111111111111111111101000000100110011110111011011010110000001110011110101110011101010101110011011 
000101000000000000101000001010111000001001111111011010101010100000111101111111010000111111110111001110111 
011000101010101010101010101010110100001110011110010011001110110100001011110000000111000111110101011110110 
011111111111111111111111110101000000100110011010001010101110100110111001001101001101101011101110101110111 
011010101010101010101010101010110100001110011110111011001010110000001010011110111011100010101101000111111 
001101000000000000101000001010111000011001111111011010111010100110011100110001001111000100011010000111110 
011111000000000000101010101010110100001110011110111011000010110010001010011110001110011111010101110000000 
011010101010101010101010101010110100001110011110111011011101110110110001101100010001111111110010100000011 
000101000000000000101010101010110100001111011110111011000010110010001010011110001110011111010101110000100 
011111111111111111111111110101000010100110011111011011000010100110011100110001000111000100111010000111110 
101101000000000000101010001010010000001010111110000111000010110100111101010000000111000111101111000111100 
101101000000000000101010101010111000001010111110000111000010110110111101110001001111000111110010100000011 
000101000000000000101010101010110110001110011110111011000010110000001010011110111011100010101111000111100 
101101000000000000101010001010010000001010111110000111000010110100111101010000000111000111101111000111111 
011101000000000000101000001010111000001001111111011011111010100000111101110001000111000110111010000111110 
011111000000000000101010101010110100001010111001111101001010110100001011111010110011101011110101001110110 
011101000000000000101010101010010000001010111001111101000010110100001011110000000111000111110101011110110 
011000101010101010101010101010110100001110011110011011000111101001001011111110001110011111010101110000100 
011101000000000000101000001010111000001001111111011011111010100000111101110001000111000110111010000111110 
011101000000000000101010101011110100001110011110111011000010110010001010011110001110011111010101110000010 
101101000000000000101000001010010000001110111001111101000010110100001011110000000111000111110101001110111 
101101000000000000101010101010010010110110111001111101000110010100001011011010000110000111110101011110110 
111111111111111111111111111101000000100110011110111011000010110010001010011110001110011111010101110000000 
000101000000000000101000001010111000000010111110000111000010110110111101010001000110000111110101011110110 
011111111111111111111111110110010000011010111110000111000010110101100010110010110001110010100001010000011 
000101000000000000101010101010010000001010111001111101000010110100001011110000000111000111110101001110111 
101101000000000000101010001010010000001010111110000111000010110100111101010000000111000111101111000111011 
011111000000000000101010101010110100101111011110111011000010110010001010011110110011101011100001001100111 
011000101010101010101010101010110000110110011110111011000011110000001001111010110011101010101111000111011 
011101000000000000101000001000100000110110011111010011001010100011001101110101000111110011000101010000011 
011101000000000000101010101010110000001001111111010011101010101000111001101101000111100110111010000111110 
001101000000000000101000001010111000001010111110000111000010110100111101010000010101101011101100111100111 
101101000000000000101010101010010010110110111001111101000110010100001011011011110011110010100101010000011 
000101000000000000101000001010111000001010111010111011000010110000001010011110001110011111010101110000000 
011111111111111111111111111111000000001001111111010011101010101000111101101101000111000110111010000111110 
011111111111111111111111110101000000100110011111011011000010110010001010011110001110011111010101110000011 
000101000000000000101010101000110000001001111110000111000010110101100010110010001110011111010101110000011 
001101000000000000101010001010010000001001111111011010111010100000111101111110001110011101010101110000000 
011111000000000000101010101010110100001110011110111011000010110000001010011110111011100010101111000111111 
011101000000000000101000001010110001001001111110011011011010100000001011011011110011110010100101110000011 
011101000000000000101010101010010000001010111001111101000010110100001011110000000111010111110101010000011 
101101000000000000101000001010111000001001111111011010111010100000111101111010110011101010101111000111011 
011000101010101010101010101010110000001001111111010011101010101000111001101101000111000110111010000111110 
101101000000000000101010101010111000001010111110000111000010110110111101110001001111000111110111001110111 
000101000000000000101000001010111000001010111010111011000010110000001010011110101110011101010101110011011 
011111111111111111111111111101000000100110011110111011011101110110110001110010110001110010100001010000011 
011111111111111111111111110101000000100110011010001010101110100110111001001101001101101011101110101110111 
000101000000000000101010101010110000001010011110001111011101101000001011011001000111000111110100111100111 
001101000000000000101010001010010000001001111111011010111010100000111101111010110111101011101101000110011 
011111000000000000101010101010010000001010111001111101000010110100001011110000000111000111110101001110111 
011101000000000000101000001000100000110110011111010011001010100011001101110101000111110011000101010000011 
011101000000000000101010101010110100001110011110111011000010111100001010011110001110011111010101110000100 
001101000000000000101000001010111000001000111001111101000110010100001011011010110011110010100101110000011 
011000101010101010101010101010110100001111111111011010111010100000111101111101010111100010100101110000000 
101101000000000000101010101010110100001110011110111011000010111100001010011110001110011111010101110000100 
000101000000000000101000001010111000001000011110011011000010110010001010011110110011101111101111000111110 
011111111111111111111111111111000000010110111111010011001110100011011101010001100111000110100001011000011 
011111111111111111111111110101000000100110011111011011000010100110011101110001000111000100111010000111110 
000101000000000000101010101010110100001010111001111101001010110100001011111010110011101011110101001110110 
101101000000000000101010001000010000110110011110111011000010110000001010011110111011100010111110000111011 
011111000000000000101010101010110100001110111111000110100010100001001011011010110111100010100101110000011 
011101000000000000101000001010111000001001111111001010111010100000111101001101001101101011101100111100111 
011101000000000000101010101010010000001010111001111101000010110100001011110000000111010111110101010000011 
101101000000000000101000001000100000110110011111010011001010100011001101110101000111110011000101010000011 
011000101010101010101010101010110100001110011110011011000111101001001011111110110011101011100001001100111 
101101000000000000101010101010110100001010011110011111011010110010001010011110110011101111101111000111110 
000101000000000000101000001010110000001010111111011010111010100001111101111101010111100010100101110000000 
011111111111111111111111111111000000010110111111010011001110100011011101010001100111000110100001011000011 
111111111111111111111111111010111000001010111110000111000010110100111101010000010101101011101100111100111 
000101000000000000101010101010110100001010011110001110011101111001001011011010110011110010100001010100011 
101101000000000000101010001001010000100110011110001111011111101001001011001010110011100010100001000111110 
011111000000000000101010101010110100001110111111000110100010100001001011011010110111100010100101110000011 
011101000000000000101000001010111000001001111111011010111010100000111101111010110011101010101111000111011 
011101000000000000101010101010111000001010111110000111000010110110111101010001001111000111110111001110111 
001101000000000000101000001000110000001010111110111011001010110101100010110010110001110010100001010000011 
011000101010101010101010101010110100001110011110011011000010110010001010011110110011101111101111000111110 
101101000000000000101010101010110100001010011110011111011111101001001011111010110011101011100001001100111 
000101000000000000101000001010111000001001111110000111000010110101100010110010001110011111010101110000011 
011111111111111111111111111111000000110110011110111011000011110000001001111010110011101010101111000111011 
011111111111111111111111110101000000100110011111011011000010100110011101110001000111100011110101011010101 
000101000000000000101010101010110100001110011110111011000010110000001010011110111011100010101111000111111 
101101000000000000101010001010110000001000111111011011000010100110111001001101001101101011101100111100111 
011111000000000000101010101010110100001110011110111011100010110010001010011111000111000110111010000111110 
011101000000000000101000001010111000001001111111011011111010100000111001101100010001111111110010100000011 
011101000000000000101010101010011000001010111001000011000010110101100000111010110011101111110101001110110 
001101000000000000101000001010111000011001111111011010111010100000111101111101010111100111101000010000011 
011000101010101010101010101010110100001110011110010011001110110100001011110000000111000111110101011110110 
101101000000000000101010101010110100001010011110011111011111101001001011111010110011101011101111000111011 
011111111111111111111111111111000000110110011111010011001010100011001101110101000111110011000101010000011 
000101000000000000101000001010111000001001111111011010111010100000111001010001000111000110111010000111110 
111111111111111111111111111010111000001010111110000111000010110110111101010001000111000111110111001110111 
000101000000000000101010101010110000001010111010111011000010110000001010011110101110011101010101110011011 
001101000000000000101010001010110000001010111111011010111010100000111001001101001101101011101100111100111 
011111000000000000101010101010110100001111011110111011000010110010001010011110001110011111010101110000100 
011101000000000000101000001010111000001001111111000111000010110110111101010000000111000111101111000111011 
011101000000000000101010101010010000001010111001111101001010110100001011111010110011101011110101001110110 
001101000000000000101000001010111000001010111001111101000010110100001011111010110011101011101111000111011 
011000101010101010101010101010110100001110011111010011001110100011001101111000111001101111101111000011111 
