0.0000000000 1.0000000000
0.0432577347 0.9990639461
0.0648657834 0.9978939974
0.0828984506 0.9965579998
0.0989575821 0.9950916525
0.1137904838 0.9935047689
0.1276664971 0.9918171533
0.1408638494 0.9900289773
0.1535707197 0.9881376595
0.1658306951 0.9861542377
0.1777162836 0.9840817662
0.1892315587 0.9819324912
0.2006068224 0.9796718342
0.2116506090 0.9773453943
0.2224599282 0.9749418343
0.2331283814 0.9724459665
0.2438221650 0.9698199585
0.2544552126 0.9670845593
0.2649031536 0.9642750226
0.2750022443 0.9614435842
0.2851193769 0.9584920140
0.2951842855 0.9554403370
0.3054770440 0.9521994411
0.3154250651 0.9489504878
0.3252820130 0.9456170536
0.3349306520 0.9422427810
0.3448601281 0.9386540854
0.3546154231 0.9350122468
0.3643207476 0.9312735328
0.3740297366 0.9274167112
0.3838589642 0.9233917346
0.3934096302 0.9193632921
0.4031305419 0.9151424841
0.4128347064 0.9108059646
0.4225895622 0.9063211693
0.4321526492 0.9018004701
0.4417114172 0.8971571902
0.4511964903 0.8924246339
0.4606448495 0.8875845439
0.4702172008 0.8825507261
0.4799624932 0.8772890089
0.4894017431 0.8720584463
0.4990732342 0.8665598115
0.5086329039 0.8609834894
0.5184680803 0.8550969826
0.5282767086 0.8490722697
0.5379041205 0.8430060244
0.5475978365 0.8367416623
0.5573576234 0.8302725334
0.5671714354 0.8235997589
0.5769801539 0.8167581662
0.5863866042 0.8100313268
0.5962151911 0.8028246670
0.6059976640 0.7954664237
0.6158579158 0.7878572381
0.6256574911 0.7800978809
0.6354329722 0.7721560321
0.6453976298 0.7638467775
0.6551415648 0.7555061416
0.6648978267 0.7469343211
0.6746746841 0.7381152150
0.6843310887 0.7291714209
0.6938464017 0.7201230248
0.7035118282 0.7106835496
0.7134030409 0.7007539520
0.7231785895 0.6906610802
0.7326629725 0.6805916314
0.7421695907 0.6702121296
0.7520236904 0.6591360778
0.7616658325 0.6479700299
0.7712981975 0.6364739512
0.7806525838 0.6249652337
0.7901645021 0.6128948194
0.7995117072 0.6006505058
0.8088104936 0.5880693713
0.8180701785 0.5751184079
0.8273682002 0.5616599161
0.8365294239 0.5479220044
0.8457317626 0.5336082699
0.8547536751 0.5190338669
0.8635896257 0.5041953574
0.8723544497 0.4888739245
0.8809802458 0.4731530476
0.8896255515 0.4566906811
0.8981668600 0.4396547413
0.9066202249 0.4219475888
0.9149645253 0.4035342830
0.9230317654 0.3847237452
0.9311295395 0.3646886079
0.9389872276 0.3439520118
0.9465765709 0.3224791395
0.9540254815 0.2997255090
0.9610790558 0.2762735031
0.9678771929 0.2514234268
0.9743828418 0.2248957039
0.9805620055 0.1962094628
0.9863591120 0.1646077218
0.9916525792 0.1289385986
0.9962760262 0.0862211084
1.0000000000 0.0000000000