0.0000000000 4.0000000000
0.0113870816 3.9873931932
0.0217660979 3.9738000424
0.0314811213 3.9593147919
0.0407786441 3.9439319013
0.0497150742 3.9278337877
0.0584143027 3.9110263087
0.0669595095 3.8935333166
0.0752781028 3.8756828141
0.0834819966 3.8574046664
0.0915453984 3.8389109316
0.0994490296 3.8203996407
0.1072692268 3.8018354161
0.1150423140 3.7832657828
0.1227798980 3.7647941560
0.1305747881 3.7463321004
0.1384046888 3.7280715112
0.1462706859 3.7101527734
0.1542106883 3.6926400343
0.1622826171 3.6755732733
0.1705923420 3.6589320645
0.1792416454 3.6427740623
0.1883379187 3.6272389460
0.1979652086 3.6126202087
0.2082501569 3.5992893710
0.2196611571 3.5875113393
0.2329923652 3.5780737320
0.2509917704 3.5731969007
0.6374485715 3.5358781077
0.6431772174 3.4980509460
0.6488385097 3.4596712257
0.6544305012 3.4208733054
0.6600674472 3.3809597618
0.6656560085 3.3406844211
0.6713095479 3.2993245785
0.6769317080 3.2576801504
0.6825848541 3.2153938091
0.6882271310 3.1728837774
0.6939141131 3.1298401065
0.6996821343 3.0860986888
0.7055630723 3.0415390721
0.7113881509 2.9975683332
0.7171647884 2.9542529123
0.7229603863 2.9112123912
0.7287169508 2.8690013476
0.7344830622 2.8273852816
0.7402758168 2.7863734725
0.7461056498 2.7460327966
0.7519784582 2.7064705841
0.7578811321 2.6679244856
0.7638463510 2.6303400672
0.7698656445 2.5939418984
0.7760093095 2.5585069980
0.7822861760 2.5242306860
0.7886949968 2.4913836848
0.7952631910 2.4601176064
0.8020840260 2.4303678967
0.8092496143 2.4022583378
0.8168292352 2.3762032185
0.8250777276 2.3523407822
0.8341725798 2.3316809346
0.8448069489 2.3153206469
0.8591773577 2.3070063292
1.3650024647 2.2336014605
1.3704397779 2.1599999029
1.3758757907 2.0871252074
1.3812760409 2.0156173294
1.3866893085 1.9450087288
1.3920962831 1.8757353465
1.3975017752 1.8079127951
1.4029261669 1.7414707393
1.4084822653 1.6752792419
1.4140576188 1.6109394353
1.4196586607 1.5485864645
1.4252571668 1.4887284789
1.4309214799 1.4308547651
1.4367169380 1.3746199092
1.4426549616 1.3203118342
1.4487416147 1.2683112556
1.4550239751 1.2187271439
1.4614911282 1.1722222600
1.4682206558 1.1289235538
1.4752904997 1.0892438420
1.4828983081 1.0534237372
1.4913190738 1.0223503837
1.5012761091 0.9975563602
1.5147174664 0.9851134112
2.0564296403 0.9007192770
2.0609677218 0.8188857108
2.0655026457 0.7388302837
2.0701331152 0.6590165444
2.0747740300 0.5811310702
2.0794723985 0.5045860621
2.0841899174 0.4302157021
2.0891003955 0.3556120016
2.0942242165 0.2809969066
2.0994846837 0.2080099791
2.1049267885 0.1365577288
2.1106006638 0.0666635710
2.1164268079 0.0000000000