0.5 0.3333333333333333 
0.8999999999999999 0.06666666666666667 
0.5 0.3333333333333333 
0.8999999999999999 0.06666666666666667 
0.521523178807947 0.14285714285714285 
0.5023923444976076 0.25 
0.509090909090909 0.2 
0.8181818181818181 0.07142857142857142 
0.5890052356020942 0.125 
0.509090909090909 0.2 
0.6797583081570997 0.09090909090909091 
0.5023923444976076 0.25 
0.7438016528925621 0.08333333333333333 
0.6320224719101124 0.1 
0.6797583081570997 0.09090909090909091 
0.7438016528925621 0.08333333333333333 
0.7894736842105263 0.07692307692307693 
0.5890052356020942 0.125 
0.6147540983606558 0.1111111111111111 
0.521523178807947 0.14285714285714285 
0.7894736842105263 0.07692307692307693 
0.6147540983606558 0.1111111111111111 
0.8181818181818181 0.07142857142857142 
0.6320224719101124 0.1 
0.5 0.3333333333333333 
0.8999999999999999 0.06666666666666667 
0.5023923444976076 0.25 
0.6797583081570997 0.09090909090909091 
0.7438016528925621 0.08333333333333333 
0.5890052356020942 0.125 
0.521523178807947 0.14285714285714285 
0.7894736842105263 0.07692307692307693 
0.6147540983606558 0.1111111111111111 
0.8181818181818181 0.07142857142857142 
0.6320224719101124 0.1 
0.8999999999999999 0.06666666666666667 
0.5 0.3333333333333333 
0.5023923444976076 0.25 
0.6797583081570997 0.09090909090909091 
0.7438016528925621 0.08333333333333333 
0.5890052356020942 0.125 
0.7894736842105263 0.07692307692307693 
0.6147540983606558 0.1111111111111111 
0.8181818181818181 0.07142857142857142 
0.521523178807947 0.14285714285714285 
0.6320224719101124 0.1 
0.8999999999999999 0.06666666666666667 
0.5 0.3333333333333333 
0.5023923444976076 0.25 
0.6797583081570997 0.09090909090909091 
0.7438016528925621 0.08333333333333333 
0.5890052356020942 0.125 
0.7894736842105263 0.07692307692307693 
0.6147540983606558 0.1111111111111111 
0.8181818181818181 0.07142857142857142 
0.521523178807947 0.14285714285714285 
0.6320224719101124 0.1 
0.8999999999999999 0.06666666666666667 
0.5 0.3333333333333333 
0.5023923444976076 0.25 
0.6797583081570997 0.09090909090909091 
0.7438016528925621 0.08333333333333333 
0.5890052356020942 0.125 
0.7894736842105263 0.07692307692307693 
0.6147540983606558 0.1111111111111111 
0.8181818181818181 0.07142857142857142 
0.521523178807947 0.14285714285714285 
0.6320224719101124 0.1 
0.8999999999999999 0.06666666666666667 
0.5 0.3333333333333333 
0.5023923444976076 0.25 
0.6797583081570997 0.09090909090909091 
0.7438016528925621 0.08333333333333333 
0.5890052356020942 0.125 
0.7894736842105263 0.07692307692307693 
0.6147540983606558 0.1111111111111111 
0.8181818181818181 0.07142857142857142 
0.521523178807947 0.14285714285714285 
0.6320224719101124 0.1 
0.8999999999999999 0.06666666666666667 
0.5 0.3333333333333333 
0.5023923444976076 0.25 
0.6797583081570997 0.09090909090909091 
0.7438016528925621 0.08333333333333333 
0.5890052356020942 0.125 
0.7894736842105263 0.07692307692307693 
0.6147540983606558 0.1111111111111111 
0.8181818181818181 0.07142857142857142 
0.521523178807947 0.14285714285714285 
0.6320224719101124 0.1 
0.5 0.3333333333333333 
0.8999999999999999 0.06666666666666667 
0.5023923444976076 0.25 
0.6797583081570997 0.09090909090909091 
0.7438016528925621 0.08333333333333333 
0.5890052356020942 0.125 
0.7894736842105263 0.07692307692307693 
0.6147540983606558 0.1111111111111111 
0.8181818181818181 0.07142857142857142 
0.521523178807947 0.14285714285714285 
