011111111111111111111111111111101110111100100110101101101101101010010111001000011111001111100110001101110 
011100000000001010000000001011111100111111001001101010011110111010111101111111010011001111101110001101110 
011111111111111111111111111111101110111100100110101101101011010000111001111111011101111100101000011010111 
011100000000001010000000001011111100111100100100111001001100101010010111011111110010111100111000110110111 
011111111111111111111111111011101110111100100110101101101011010000111001111111010010011101111000111010110 
011111011111111000000000000101100110011000100110111000110001000101001000110001101011011011111000111111100 
000110000000000000110111111111101100011100100110101111100111101010010100101000011110011011100000111010100 
000110000000000000110111110000101110011000110001001111110111101010010100111101110011111100101000111111100 
000110000000000000110111110000111100111011001001101010011110111010111101111111010011001111101110001101110 
011110000000001010000000001011111110111111001001101010011110111010101101111111010011001111101110001101110 
111110000000000000110111111111101010101100100110101101101101101010010111001001101111011000011011011111110 
011111011111111000000000000101100110011000100110111000110001000101001000110001100111011000011011011111100 
011111111111111111111111110111101110011000100110111000110001101010010111001001101111011000011011011111100 
010010000000001010000000101011011110111100100110101111101101010000111001111111101111011000011000011111100 
010110000000000000111111110111101110011000110001101111111111101010010100111101110001111100101000111010110 
111110000000000000111111111111101110111000100110111100111011000101001000110001101011011011111000111111100 
010110000000000000111111110111101110011000110001101100101111010000111001111111001111001100100110111101110 
000110000000000000110111111111101110111100100110101101101101101010110111001001101111011000011011011111100 
111110000000000000111111111111101110111000100110111000100001100101001000110001101111011111001000111010111 
111110000000000000110111111111101010101100100111101101101101000101001000110001101011011001111000111111100 
011110000000001010000000001011111110111111001001101010011110111010101100001000011110011011100000111101111 
011010000000001010000000101011011110111100100110101111101101010000111001111111010011011011111000111111100 
011111111111111111111111111111101110111100100110101101101101101010010111001000011111001111111011011111100 
011100000000001010000000001011111100111111001001101010011110111010010000001111011010011101000010001111101 
000110000000000000110111110000101110011101100110111111100111101010010111011111110010111110111000110110110 
011111011111111000000000000101100110011100100110101111101101010000111001111101010010011101111000111101111 
011111111111111111111111110110101110011000100110111000110001000101001000110001101111011101100110011101100 
010110000000000000111111110111101110011000110001101111111111100010010111001001101111011000011011011111100 
000110000000000000110111111111101100011100100110101111100111101010010100111001110101111100101000101010110 
111110000000000000111111111111101110111000100110111000100001100101001000110001101111011111001000111010111 
111110000000000000110111111111101010101100100110101101101101101010010111001001101111011000011011011111100 
011110000000001010000000001010111110111111001001101010011110111010101101111111010011111100101100101011000 
110010000000001010000000101011011111101000100110111000110001000101001000110001101011111011111000111111100 
011100000000001010000000001011111100111100100110111001001100101010010111011111110010111100111000110110110 
011111111111111111111111111111101110111100101001101010011110111010101101111111010001001111101110001101110 
000110000000000000110111110000101110011101100110101111100111101010010100111001110101101100101000111010111 
011111011111111000000000000101100110011010000110100101111111101010110100011101110011011011111000111111100 
011111111111111111111111110111101111111000000110111001111111101010010100011101110011111100100110001101100 
010110000000000000111111110111101110011000110001101111111111101010010100111101110001111100101000111010110 
000110000000000000110111111111101100011100110001001000111001000101001000110001100111011001111000111111100 
111110000000000000111111111111101110111000100110111000100001100101001000110001101111011111001000111010110 
111110000000000000110111111111101110101100000110100101111111101010010100011101110001111100001000111000110 
011110000000001010000000001010111110111111001001101010011110111010101101111111010011111100101100101011000 
111010000000001010000000101011011111111000000110101101111111101010010100011101110011111100001000111011100 
011100000000001010000000001011111100111111001001101010011110111010010000001111011010011101000010001111101 
011111111111111111111111111111101110111100100110101101101011010000111001111111011101111100111000111010111 
000110000000000000110111110000101110011101100110101111100111101010010100111001110101111100101000111010111 
011111011111111000000000000101100110101000100110101101101101101010010111001001101111011000011011011111100 
011111111111111111111111110110101110011000100110111000110001000101001000110001100011011101111011011111100 
010110000000000000111111110111101110011000110001101111111111100010010111001001101111011000011011011111100 
000110000000000000110111111111101100011100110001001000111001000101001000110001100111011000011011010111100 
111110000000000000111111111111101110111000100110111000100001100101001000110001101111011111100110001101100 
111110000000000000110111111111101110101100100110101101101101101010010111001001101111011000011011011111100 
011110000000001010000000001011111110111111001001101010011110111010101100001000011110011011100000111010110 
111010000000001010000000101011011111101000000110100101111111101010010100011101110011111100011000111011110 
011111111111111111111111111111101110111100100110101101101011010000111001111111011101111100101000111010111 
000110000000000000110111110000101110011000110001001111110111101010010100111101110011111100101000111111100 
011111011111111000000000000101100110011000100110111000111011010000111001111111010011011011111000111111100 
011111111111111111111111110110101110011100100110111000100001100101001000110001101111011111100110001101100 
010110000000000000111111110111101110011000110000101111111111101010010100111101110001111101101101111010111 
000110000000000000110111111111101100011100110001001000111001000101001000110001100111011000011011010111100 
111110000000000000111111111111101110111000100111101101001101101010010111001000011110011111101000111010110 
111110000000000000110111111111101110111100100110111001001100101010101101111111010011111100101100101011000 
011110000000001010000000001010111110111111001001101010011110111010101101101111010011001111101110001101110 
111010000000001010000000101011011111111000000110101101111111101010010100011101110011111100001000111010110 
110010000000001010000000101011011111101000000110100101111111101010010100011101110011011011111000111111100 
011111111111111111111111111111101110111100100000001010011110111010101101011111010011111101101101111010111 
000110000000000000110111110000101110011101100110101111100111101010010100111001110101111100101000111010111 
011111011111111000000000000101100110011000100110111000111011010000111001111111010011011101111011011111100 
011111111111111111111111110110101110011000100110111000110001000101001000110001101011011011111000111111100 
010110000000000000111111110111101110011000110000101111111111101010010100111101110001111101101101111010111 
000110000000000000110111111111101100011100100110101111100111101010010100101000011110011011100000111010110 
111110000000000000111111111111101110111000100110111100111011010000010110101101110010011010101000110010110 
111110000000000000110111111111101110111100100110111001001100101010010111011111110010111100111000110110110 
011110000000001010000000001010111110111111001001101010011110111010010111011111110010111100111000110110110 
111010000000001010000000101011011111111000000110100101111111101010010100011101110011111100011000111011110 
011111111111111111111111111111101111111100100110101101101101101010010111001001101101011000011011011111100 
000110000000000000110111110000101110011001110001001000111001000101001000110001101111011000011011011111100 
011111011111111000000000000101100000011000100110111000100001100101001001111001110001111100101000111010111 
011111111111111111111111110110101110011000100110111000110001000101001000110001101010011101111000111101111 
010110000000000000111111110111101110011000110001101100101111010000111001111111001111001100100110111101111 
000110000000000000110111111111101100011100100110101111100111101010010100111001110101111100101000111010111 
111110000000000000111111111111101110111000100110101100111011010000011111001000011010111111001110001101110 
111110000000000000110111111111101110111100100110101111101101010000111001111111010011011011111000111111100 
011110000000001010000000001010111110111111001001101010011110111010101101111111010011111100101100101011000 
111010000000001010000000101011011111011000100110111000111011010000011001111111010011011101111011011111100 
011111111111111111111111111111101110111100100110101101101011010000111001111111010010011101111000111101111 
100110000000000000110111110010101110011000110001001111111111101010010100110001100111011000011011011111101 
011111011111111000000000000101100110101000000110100101111111101010010100011101110001111100001000111000110 
011111111111111111111111110110101110011000100110111000110001000101001000110001101011011011111000111111100 
010110000000000000111111110111101111111000100001001100101101101010010111001001101111011000011000011111100 
000110000000000000110111111111101100011100100110101111100111101010010100111001110001111100101000111010111 
111110000000000000111111111111101110111000100110101100001011010000011111001001101011011011111000111111100 
111110000000000000110111111111101110111100100110111101001100101010010111011001011110011011110100111111100 
011110000000001010000000001011011110011000100010111000110001000101001001111101110011111100101000011111100 
111010000000001010000000101011011111101000000110100101111111101010010100011101110001111100001000111000110 
011111111111111111111111111111101110111100100110101101101101101010010111001001101111011000011011011111100 
000110000000000000110111110000101111011000110001000000011001001101001111000011101111011100011011011111110 
011111011111111000000000000101100110011000100110111000111011010000111001111111010011011101111011011111100 
011111111111111111111111110111101110011000100110111000110001000101001000110001101011111101101101111010111 
